1000
44 11
77 12
67 71
67 105
47 27
44 27
4 48
79 98
115 132
98 90
30 82
89 29
76 143
102 45
36 122
81 97
8 62
115 22
96 62
130 92
73 122
28 149
107 102
144 130
53 144
97 150
97 141
104 88
130 56
62 130
11 73
75 90
148 106
104 46
139 124
138 69
128 52
22 37
132 61
42 82
109 67
13 42
115 39
25 74
51 38
70 76
10 92
99 50
60 35
38 97
95 52
106 18
118 5
40 15
24 146
28 102
37 148
1 81
148 145
13 69
21 67
74 127
53 72
133 118
81 50
1 134
40 78
23 51
92 133
28 45
115 118
132 96
72 8
65 112
81 31
51 53
18 104
139 121
32 83
97 128
95 103
64 37
13 31
122 118
41 89
30 110
130 5
52 116
106 75
135 116
85 101
102 78
100 75
39 119
133 96
99 93
18 130
112 35
101 44
43 90
136 17
70 128
26 33
65 134
68 4
79 115
112 61
75 63
104 124
144 138
107 137
146 78
96 143
32 2
150 119
10 120
26 100
53 40
131 59
36 118
108 18
12 115
29 96
75 87
129 140
73 42
146 97
31 125
67 144
114 78
17 150
124 24
65 78
71 68
96 65
93 9
131 16
4 99
125 87
52 72
31 136
8 121
88 97
100 134
127 67
7 108
146 33
40 31
90 29
38 88
55 124
14 107
62 3
83 73
15 114
141 46
139 33
77 150
111 75
41 74
138 33
3 46
45 11
94 119
85 36
140 33
53 53
34 95
83 73
83 137
3 54
83 95
43 121
50 119
55 82
119 98
133 63
70 64
132 77
78 143
148 86
53 109
89 86
118 138
22 90
91 1
102 128
30 136
77 147
123 99
30 29
90 91
114 36
83 109
82 46
68 69
24 85
81 32
38 11
11 127
79 3
140 39
118 74
33 77
108 135
130 19
75 75
133 120
70 99
151 99
50 79
35 54
26 135
140 49
125 123
8 57
39 38
112 20
32 147
49 25
56 79
72 126
43 66
123 127
44 22
133 85
128 98
30 58
100 37
80 99
32 139
135 48
24 91
111 57
62 70
95 45
17 51
10 96
24 125
8 107
3 59
129 51
48 54
124 101
21 99
6 54
48 33
129 92
131 85
86 13
118 79
59 35
31 75
61 96
19 15
2 100
134 117
61 102
73 16
29 82
55 82
142 76
121 56
77 139
94 18
12 63
74 98
54 142
93 9
131 143
94 108
52 105
35 116
148 123
25 116
78 74
81 141
47 36
56 32
50 104
115 2
87 86
38 104
37 9
79 71
20 123
49 137
128 34
75 17
119 109
100 25
122 147
44 11
131 10
7 21
26 132
87 136
111 39
35 148
83 125
43 130
91 85
135 99
55 138
150 106
28 45
82 131
1 94
26 83
41 145
145 61
89 107
87 32
30 136
96 118
2 16
125 149
139 126
88 33
87 120
44 117
49 7
71 30
6 28
124 147
143 93
57 137
12 22
139 24
8 80
151 127
96 143
63 120
148 88
63 32
79 62
20 72
31 149
18 76
25 34
121 56
124 34
96 59
29 37
57 102
132 19
119 38
59 38
39 140
28 53
47 85
128 71
38 115
97 142
2 57
54 2
40 136
97 146
44 100
66 10
39 87
38 48
101 19
122 108
36 51
120 60
65 44
55 51
100 22
9 33
18 127
38 72
50 37
143 56
148 8
127 46
88 20
87 126
77 17
125 18
39 63
120 94
131 126
92 78
56 51
53 93
12 37
53 92
40 78
59 29
124 116
80 122
114 14
1 60
150 95
96 38
57 58
94 62
131 77
44 24
136 120
20 70
98 21
119 70
7 19
77 26
92 29
96 30
7 150
23 72
92 63
103 93
9 81
25 7
144 97
53 118
119 26
148 128
29 56
64 4
79 65
61 141
131 148
24 24
16 54
10 108
136 3
73 105
32 70
65 4
34 82
39 40
103 24
133 109
50 68
15 11
48 135
92 70
43 53
43 48
32 6
4 1
124 145
128 44
80 17
37 146
38 79
106 67
49 44
80 19
142 77
37 125
25 10
30 44
121 25
14 95
142 85
22 102
139 132
8 128
148 19
18 125
34 35
140 118
136 68
21 33
105 59
3 63
32 75
134 40
70 7
61 41
39 119
36 58
24 17
69 1
151 115
18 85
108 117
62 58
53 25
144 38
20 139
41 93
25 33
42 55
42 4
145 133
42 6
127 87
49 22
41 71
136 144
109 51
134 83
11 41
107 132
63 105
33 100
3 146
144 137
14 31
47 42
48 3
34 32
85 38
30 118
62 58
22 111
106 40
64 52
146 113
75 68
114 61
67 118
115 113
58 50
19 18
112 102
81 137
133 80
22 84
144 145
16 20
98 93
6 40
30 129
97 126
117 14
81 115
110 142
68 140
62 116
115 103
53 81
114 12
82 132
15 102
94 19
98 8
40 85
98 126
148 63
24 56
88 62
10 49
120 65
87 41
46 63
60 84
59 129
36 72
48 40
35 115
132 12
89 115
8 150
49 1
144 38
92 63
12 141
13 49
59 138
100 121
128 32
3 145
148 124
65 56
55 131
74 14
89 90
131 108
108 47
19 129
105 74
38 39
39 48
143 30
116 103
122 123
110 65
150 105
54 7
112 138
99 10
60 103
124 50
109 112
79 23
24 14
35 21
85 15
49 29
61 72
69 112
133 51
12 47
134 141
127 65
46 2
110 5
58 98
22 105
129 80
32 105
35 137
65 56
115 38
56 85
115 38
94 102
100 48
68 55
82 103
40 140
89 131
116 4
11 56
41 54
95 95
83 69
111 7
119 91
64 17
22 85
3 22
11 109
8 109
12 135
62 65
75 26
60 7
17 78
128 32
57 137
53 109
8 117
10 1
47 4
104 78
107 139
30 34
44 82
146 149
100 142
31 23
43 66
25 58
62 82
100 130
109 41
16 65
90 94
116 80
25 134
58 102
123 143
102 90
101 99
84 66
41 143
31 116
10 97
130 5
21 25
76 130
82 44
63 106
6 136
135 20
114 150
11 51
95 122
85 7
45 49
24 118
52 80
135 113
137 90
57 92
6 7
147 100
97 114
137 28
124 51
119 150
24 137
82 88
30 57
5 92
135 88
28 113
28 12
10 144
71 26
130 147
51 54
31 83
102 71
143 117
43 54
101 97
103 88
28 126
71 100
129 46
43 30
106 3
37 132
83 1
103 142
70 46
145 7
134 65
62 86
141 38
137 116
10 61
43 133
66 121
48 91
146 128
63 150
74 99
51 90
130 147
123 131
7 105
9 67
87 103
7 109
74 67
45 36
19 88
105 87
83 77
53 118
53 146
109 133
68 81
87 36
94 82
3 122
101 9
46 9
5 86
63 33
63 144
65 111
30 64
143 148
50 82
99 119
131 1
42 27
21 7
107 30
56 73
116 11
89 7
109 54
91 79
23 147
126 121
59 118
71 124
132 57
10 96
92 128
36 93
55 51
11 68
75 102
37 102
110 131
144 30
45 29
2 4
140 3
30 59
40 91
44 36
43 41
12 74
129 59
67 60
136 64
94 126
20 52
134 82
29 84
28 121
40 68
48 80
39 59
36 31
115 58
46 92
17 49
95 82
53 122
30 26
67 19
149 40
61 112
111 150
126 146
138 93
11 121
5 124
48 95
85 106
56 81
120 142
105 148
35 6
87 59
21 107
52 23
107 63
116 22
38 15
129 9
115 74
13 93
145 79
94 31
149 148
35 109
134 118
29 122
41 57
96 34
96 33
123 1
125 125
89 111
51 98
144 22
73 91
145 79
78 97
113 118
84 73
56 43
126 32
130 126
16 87
75 99
131 119
148 144
105 141
71 37
126 88
26 139
86 128
28 129
35 21
5 100
26 29
42 13
27 27
132 79
3 148
23 39
120 116
123 92
29 43
3 22
33 61
138 140
96 33
32 83
23 1
113 36
148 91
88 127
124 107
149 128
51 98
124 31
85 140
45 35
59 33
127 6
27 111
19 33
139 45
93 129
71 13
112 88
65 13
69 146
77 101
35 109
1 98
64 151
28 86
38 142
126 104
26 25
49 80
27 151
94 102
129 75
45 12
127 145
144 41
16 76
8 76
1 87
119 87
112 37
122 131
10 86
6 8
72 136
18 89
98 2
128 59
60 39
134 53
30 24
119 37
78 23
74 79
141 56
128 111
126 77
120 76
61 99
115 9
88 76
112 65
49 72
27 6
50 17
82 120
25 118
45 61
129 13
22 138
139 86
22 83
32 23
45 135
41 90
58 122
73 145
101 11
62 123
46 1
36 9
106 8
147 85
9 95
13 63
67 122
137 98
114 36
95 76
47 82
92 83
118 1
9 109
22 66
105 58
106 21
50 89
74 12
1 69
76 142
61 98
149 126
21 151
20 14
97 7
122 67
6 103
62 115
82 89
68 8
28 128
53 106
108 59
36 68
116 27
48 113
98 50
141 60
33 143
138 42
72 133
35 122
87 66
113 95
135 42
136 141
14 61
107 35
