1000
17 147
41 79
8 60
72 141
16 133
68 59
49 141
20 49
150 150
85 150
42 112
25 133
58 50
67 39
151 133
145 122
107 147
117 122
52 148
4 110
126 77
141 109
70 74
69 101
31 138
48 132
61 130
115 128
134 135
91 89
112 85
141 31
17 107
110 25
29 88
19 16
111 130
106 116
49 119
99 106
99 71
53 99
36 124
131 25
77 126
40 34
114 107
41 26
11 6
61 114
127 16
82 148
145 6
92 59
86 11
146 37
54 126
50 36
31 88
128 64
15 122
107 136
130 138
51 110
9 144
17 115
3 50
115 111
42 131
89 68
150 130
129 117
12 90
110 64
79 89
142 135
97 56
141 68
50 89
108 120
139 26
35 144
74 10
7 80
45 133
129 93
148 69
121 139
55 26
9 139
34 23
96 99
6 139
15 42
1 17
106 9
106 59
128 20
23 20
48 46
87 92
82 98
60 23
85 100
123 61
37 106
89 115
9 21
27 50
136 135
59 64
149 22
130 131
55 115
95 9
2 137
73 117
148 42
31 85
81 103
17 85
102 92
95 42
96 24
151 142
58 66
6 151
31 43
91 77
8 8
117 25
2 110
146 118
4 42
135 119
77 44
7 2
9 21
109 73
96 79
1 150
49 106
74 25
47 3
130 105
53 115
135 126
91 104
65 15
108 142
48 123
126 58
105 6
118 49
7 95
138 70
126 92
54 58
43 51
121 54
150 28
101 22
46 8
17 34
23 87
71 79
30 134
107 134
53 21
24 26
114 122
50 79
15 55
35 57
7 36
97 41
68 113
125 139
89 79
128 118
86 2
44 90
50 148
76 15
94 29
27 37
13 84
70 102
111 62
83 113
37 104
49 1
126 91
139 118
77 29
103 123
151 135
36 78
50 121
147 53
7 111
116 8
39 26
142 93
6 99
145 9
65 113
67 103
139 92
36 73
72 93
76 17
83 27
48 76
85 72
137 74
107 52
36 125
27 5
31 102
8 119
82 133
115 70
36 116
22 81
62 54
93 147
81 25
35 105
74 89
99 20
89 9
71 41
9 7
112 22
21 113
102 116
76 139
67 144
22 131
10 104
74 123
35 48
141 140
30 130
59 24
109 14
24 56
115 8
14 97
51 103
128 39
121 88
63 51
57 82
108 20
69 94
31 61
63 142
82 133
85 61
141 116
36 116
3 7
58 118
16 49
37 41
43 54
69 118
71 77
85 100
114 113
68 22
31 149
48 23
79 137
28 36
50 54
95 51
22 30
20 120
113 2
26 35
109 135
72 69
86 110
78 150
81 147
29 88
46 33
70 22
140 105
49 110
11 145
71 13
16 46
116 12
145 141
110 3
93 74
80 108
19 34
98 67
53 56
119 47
80 97
113 91
104 93
117 35
135 70
143 22
97 133
138 6
96 26
90 30
97 10
42 121
18 109
40 144
150 111
129 65
64 90
42 85
133 111
10 88
59 86
129 61
133 54
93 59
25 144
68 66
116 140
111 55
88 112
140 41
104 145
10 115
26 69
19 80
142 87
54 112
148 64
117 45
63 66
111 58
37 48
21 123
133 6
37 100
101 54
138 117
8 17
95 54
70 150
137 69
46 81
70 16
150 42
97 100
16 94
67 85
55 51
120 150
127 1
74 14
118 31
103 103
125 102
33 39
8 100
132 76
146 125
75 28
12 29
47 87
18 139
112 21
146 85
77 133
21 54
42 120
121 6
139 44
43 104
26 67
141 88
123 22
140 43
114 115
34 30
40 12
45 33
75 67
114 1
77 25
109 74
109 79
75 3
59 101
2 61
82 88
80 45
150 57
49 1
76 142
117 148
46 44
95 110
148 106
68 59
17 113
32 148
89 132
5 18
49 122
76 138
77 133
67 66
74 141
119 14
131 92
133 137
9 68
65 8
58 22
91 103
143 67
82 151
25 139
56 28
102 62
47 142
125 17
41 92
30 148
111 138
36 149
43 43
130 75
128 56
36 132
133 140
49 39
6 63
97 74
139 100
100 61
123 138
14 120
37 107
134 83
129 30
56 127
1 142
9 88
81 102
37 52
117 75
112 51
106 96
53 98
104 138
71 1
108 127
148 40
7 73
84 78
81 130
108 19
49 72
73 149
54 83
146 30
137 92
3 37
19 13
58 22
145 49
112 81
16 51
22 125
108 13
48 57
146 104
51 99
79 6
52 47
136 133
39 13
9 142
138 82
101 13
4 103
43 25
38 107
68 54
26 22
118 141
137 26
42 107
150 69
66 109
1 105
110 117
115 24
110 88
31 34
107 133
71 138
151 52
77 140
123 13
78 78
78 17
50 70
112 87
9 52
6 128
4 66
36 128
79 72
43 64
84 126
85 43
9 92
122 46
1 75
126 101
146 7
88 2
12 56
76 136
144 8
65 127
97 55
57 52
105 115
42 147
30 36
116 97
68 16
71 26
86 46
43 151
73 121
22 135
72 124
55 123
145 64
79 42
91 82
33 103
51 139
129 115
128 133
49 23
146 86
118 50
31 51
113 97
47 138
3 98
136 45
7 120
71 24
88 44
121 58
40 43
56 67
73 102
107 17
133 23
90 98
133 96
136 32
108 26
118 8
144 34
52 94
79 82
63 129
58 142
100 107
97 147
123 147
108 90
3 139
122 125
115 96
86 119
111 71
74 57
64 11
138 47
51 33
60 18
50 88
89 39
18 128
64 72
60 95
11 74
27 119
6 93
7 69
74 115
103 44
84 26
87 16
97 113
63 144
54 148
19 148
147 96
142 7
102 2
20 27
115 10
143 20
94 71
130 29
136 139
56 124
120 150
91 71
107 3
88 90
107 117
7 119
112 112
119 52
111 65
38 138
26 126
45 63
146 109
18 110
22 102
129 140
52 115
39 120
91 72
102 52
8 90
81 72
93 131
13 42
68 131
67 111
49 25
27 135
73 110
142 113
126 64
129 61
74 53
110 107
88 113
96 123
5 97
128 20
69 2
22 95
139 53
4 25
12 34
113 134
109 82
57 73
66 76
139 20
39 18
77 54
10 144
48 96
90 107
125 99
86 89
49 120
145 8
144 45
105 43
140 11
143 132
41 129
43 42
97 78
142 52
134 30
11 139
107 24
102 22
98 7
126 140
66 63
8 33
34 111
2 63
116 33
63 137
150 57
38 141
142 138
20 80
87 111
102 148
144 2
89 111
54 88
68 115
51 82
147 82
103 150
64 104
65 144
36 90
50 77
27 80
79 73
74 1
75 53
119 137
17 45
31 74
54 57
142 119
11 37
89 137
95 88
99 58
105 43
19 83
90 15
95 54
30 82
19 47
122 41
110 107
89 103
66 21
4 108
44 60
105 55
127 6
90 1
17 128
12 74
109 26
147 90
78 105
143 148
16 59
58 46
84 25
95 22
31 80
128 104
141 17
74 121
1 71
145 147
125 52
13 34
148 109
70 132
130 76
143 23
82 4
60 92
150 94
125 84
29 31
102 102
55 97
75 142
148 68
113 17
138 10
70 92
84 100
11 42
23 27
77 31
15 9
27 77
62 36
133 77
46 9
74 1
70 46
130 92
126 81
60 76
142 85
15 66
3 66
56 106
144 83
23 150
144 26
92 21
66 77
47 6
11 128
120 74
87 68
130 110
62 84
95 81
129 8
83 24
20 31
105 45
114 111
109 24
94 103
71 15
73 119
11 113
116 41
134 147
123 37
79 137
47 24
116 35
7 82
85 110
108 150
118 23
107 120
32 5
38 82
120 96
9 128
96 5
69 78
110 95
136 139
71 113
45 47
77 127
90 21
34 104
82 125
35 115
137 18
123 135
35 14
117 99
43 69
58 94
4 46
3 122
106 80
20 107
47 97
133 104
26 111
9 148
84 139
7 80
81 9
41 48
92 54
43 106
22 31
42 22
102 36
41 26
97 29
108 117
21 42
143 36
33 150
9 147
80 27
114 62
55 74
123 136
116 106
26 73
10 1
22 131
141 7
81 72
97 99
126 119
113 115
16 48
89 15
120 61
140 30
150 142
51 104
49 19
100 52
84 63
82 7
91 49
118 91
33 123
86 40
130 115
122 114
15 17
114 5
13 85
8 63
98 40
60 113
62 103
150 63
110 75
78 8
71 134
6 81
65 147
151 16
37 57
89 118
3 1
149 44
133 53
110 122
71 144
55 117
28 72
131 19
52 46
17 40
140 84
27 81
139 99
88 147
131 15
44 98
147 111
37 143
71 119
110 65
8 112
53 129
26 89
106 96
77 55
101 57
76 104
62 88
36 144
22 143
69 17
99 9
27 12
120 87
122 68
55 74
73 25
141 26
85 101
149 69
146 83
15 135
78 125
97 44
117 126
121 32
111 118
54 18
65 2
82 108
150 144
20 72
32 49
45 12
121 93
114 72
44 65
142 128
107 13
26 97
89 48
131 98
113 73
7 147
23 75
114 63
85 40
96 29
138 29
148 147
67 105
85 17
45 145
2 95
6 91
113 104
20 75
101 103
3 108
122 12
