1000
93 43
125 148
120 114
51 105
99 75
112 50
32 33
79 145
119 134
107 141
41 135
95 79
61 139
85 72
111 127
43 135
134 86
49 126
55 57
92 92
117 75
105 79
123 84
112 125
85 126
89 10
107 29
140 50
138 98
143 120
33 142
40 87
98 22
79 86
105 123
101 59
80 148
42 41
24 146
12 97
144 29
27 145
112 62
65 22
78 17
4 91
33 70
40 108
129 69
144 66
132 139
61 90
41 25
20 125
27 91
44 37
112 33
81 110
30 69
48 104
60 111
118 127
32 74
124 147
71 39
112 36
73 146
12 55
48 132
89 84
101 88
98 94
86 33
69 39
90 14
76 92
121 87
116 11
26 114
127 51
66 63
48 63
93 74
137 13
105 14
116 4
105 18
41 34
24 58
49 105
26 4
81 110
36 150
115 91
47 97
94 131
77 13
146 3
132 65
36 68
61 116
18 48
31 67
97 58
3 15
138 16
140 106
78 82
72 12
5 134
150 48
117 117
80 110
93 20
52 145
49 73
95 26
121 48
122 44
116 57
65 11
64 146
40 138
100 119
84 40
14 48
132 151
82 8
8 22
21 91
143 63
145 16
65 22
79 64
33 4
149 132
20 118
77 131
111 115
21 7
56 17
105 36
104 55
121 127
4 132
113 138
47 142
106 11
65 92
40 115
19 91
109 3
40 125
125 73
72 70
49 21
132 71
121 146
6 41
15 45
55 13
29 100
69 17
55 60
135 40
21 94
80 4
93 142
137 137
24 42
22 28
92 116
50 88
58 7
54 81
46 123
50 63
1 34
112 108
133 27
26 130
59 122
125 34
56 102
35 72
137 93
11 64
87 136
13 69
140 86
49 62
144 53
115 6
120 31
100 24
149 54
8 16
135 112
109 50
109 24
70 80
24 29
75 28
45 59
28 71
118 64
128 103
94 29
72 63
101 115
142 142
41 127
92 60
33 135
1 96
33 117
146 7
78 143
34 86
138 89
65 60
147 97
124 78
59 65
45 109
14 74
135 12
11 88
148 75
92 2
118 2
37 22
8 135
71 116
108 103
95 126
135 31
8 59
73 94
8 150
124 59
148 93
117 113
51 128
106 43
25 119
123 61
137 53
65 42
105 67
52 145
94 106
131 114
129 109
114 78
97 88
89 65
22 18
114 97
9 78
22 62
25 87
14 85
89 144
47 46
142 137
29 5
56 150
38 2
104 6
122 48
49 58
92 132
142 51
120 146
14 112
19 37
97 135
116 6
146 35
136 22
103 53
127 13
98 76
79 137
141 93
117 110
38 34
54 148
102 65
147 95
144 104
47 67
84 149
68 83
73 141
143 83
61 30
58 15
117 14
109 64
68 36
134 126
118 100
145 1
13 34
37 51
92 86
88 26
97 87
143 138
13 72
30 24
44 27
69 108
50 82
54 71
112 25
112 46
97 62
29 135
101 93
55 70
65 127
138 6
110 90
97 95
116 135
71 105
125 9
43 114
132 32
144 131
40 92
10 68
119 107
119 135
147 26
24 116
79 130
97 79
4 46
135 102
1 116
143 145
100 71
61 16
8 58
15 52
101 82
145 27
76 136
120 47
57 136
82 90
137 151
67 50
93 25
104 139
111 14
60 46
25 121
22 130
27 22
95 82
59 47
104 130
143 119
68 47
77 141
9 44
150 82
29 75
107 143
31 95
105 69
13 127
69 129
89 17
9 6
8 31
89 12
16 31
66 92
2 84
48 140
134 2
87 66
54 122
106 95
129 71
143 142
91 149
116 8
141 14
7 21
95 7
95 91
31 55
70 63
128 25
120 52
142 46
118 96
142 25
11 14
126 114
97 67
32 120
62 87
107 39
2 98
39 134
40 12
43 148
23 142
137 4
89 43
87 44
142 45
89 143
41 95
69 32
131 139
150 132
32 74
38 16
122 58
106 87
39 108
73 33
123 141
124 81
28 54
145 31
31 84
120 103
128 123
75 121
59 35
28 142
141 118
56 76
108 40
82 22
104 126
125 109
103 17
30 42
96 68
57 88
97 141
130 102
112 56
28 103
62 102
65 70
103 55
40 58
47 73
20 3
141 55
141 53
62 111
56 117
58 18
41 10
66 90
26 113
55 39
149 28
131 103
98 117
129 92
66 84
7 132
29 3
75 106
109 66
116 14
72 2
19 36
121 137
115 30
132 49
11 70
41 2
108 151
125 126
62 123
144 47
151 129
18 28
77 107
90 25
63 23
124 149
52 93
53 116
6 37
1 46
111 40
68 62
144 121
1 133
3 147
78 2
123 69
112 92
53 41
47 142
14 33
8 53
101 24
58 23
115 35
18 57
73 95
37 77
108 73
88 96
149 38
96 4
115 31
8 85
129 60
6 67
5 26
139 68
35 57
54 58
86 30
9 19
37 50
1 33
5 57
87 1
42 149
28 82
113 68
14 78
128 67
42 77
68 104
16 16
6 129
146 76
91 136
55 14
119 69
29 125
105 47
96 67
107 99
9 5
50 149
7 32
19 27
100 86
133 133
108 69
100 138
88 43
117 144
23 80
133 6
104 85
126 58
8 105
102 56
96 132
64 25
67 114
93 78
64 19
61 48
123 124
80 83
93 95
107 135
97 106
67 26
59 2
135 124
6 62
124 71
112 149
120 78
65 93
113 13
20 6
15 105
133 38
68 106
151 92
122 93
44 116
63 12
33 126
10 53
44 89
103 37
39 7
116 138
1 29
135 90
25 67
55 1
132 116
1 106
50 136
95 123
72 55
130 88
33 49
72 89
138 32
54 139
21 3
66 31
131 102
67 95
52 126
32 133
146 77
60 61
58 26
108 140
49 72
30 80
143 138
147 37
48 66
8 123
90 102
20 138
9 80
140 140
106 107
31 126
102 144
6 93
13 110
102 60
130 3
105 103
111 57
116 91
17 80
112 38
85 94
12 103
113 132
83 106
137 91
77 54
43 57
39 110
77 52
89 42
63 143
14 69
33 59
26 102
148 105
4 8
67 59
138 86
25 132
5 90
7 117
96 61
49 21
62 151
132 55
86 97
149 79
22 89
147 75
4 26
93 66
132 135
133 121
125 130
89 111
32 27
41 9
88 71
81 102
107 29
26 122
137 133
140 28
32 106
45 9
140 120
104 72
43 59
151 117
34 61
106 121
60 49
45 91
9 18
54 21
74 71
46 33
64 133
123 129
146 40
43 30
12 30
112 112
44 80
104 133
10 105
93 89
4 80
120 3
67 37
55 94
58 66
118 73
24 149
142 82
40 11
43 74
86 61
113 142
107 151
64 89
35 122
100 120
75 99
119 79
64 5
104 90
36 35
89 11
25 85
3 14
136 115
25 35
43 32
107 5
37 113
27 93
146 65
136 34
59 90
134 61
68 126
29 43
56 120
87 146
101 53
146 69
120 81
28 73
96 149
70 116
13 61
39 119
27 125
17 104
133 147
22 99
42 74
83 108
20 39
58 28
136 79
44 40
138 12
139 19
108 91
119 42
16 148
128 118
100 120
54 93
97 81
20 101
70 47
78 104
34 59
55 108
99 144
60 97
53 87
6 6
86 77
40 90
101 150
26 54
62 139
83 90
53 106
50 72
150 29
24 21
7 33
144 145
71 113
115 59
141 63
54 31
30 117
111 42
63 44
99 30
127 87
32 83
106 131
128 126
13 40
42 83
96 47
3 81
106 69
37 74
66 13
136 119
81 117
149 22
78 103
12 108
64 102
6 138
21 110
131 86
76 126
61 56
81 89
26 108
13 6
53 102
92 48
25 66
20 68
67 53
101 16
106 35
59 11
69 89
80 49
136 107
124 35
9 100
64 8
114 89
57 85
58 121
138 115
66 43
115 51
52 31
131 86
44 94
61 18
106 89
125 59
61 44
63 132
46 54
94 102
63 130
139 35
45 143
107 5
136 143
51 35
20 92
35 8
57 19
71 50
104 130
144 107
104 86
112 78
121 117
56 134
43 115
148 113
30 81
150 60
22 16
91 121
21 86
116 117
78 105
62 134
116 107
144 125
108 7
39 82
31 127
16 39
60 58
106 32
114 1
26 79
29 114
139 71
54 146
14 8
92 44
20 46
100 106
149 92
110 2
96 8
52 44
55 51
101 18
41 13
101 22
145 48
86 47
82 109
11 35
49 147
35 126
28 80
3 138
75 137
50 50
43 56
99 75
25 32
79 89
37 48
34 141
117 118
76 113
140 99
84 61
37 46
115 67
55 113
143 28
1 142
109 69
107 31
71 24
36 76
46 128
74 69
53 8
3 83
149 15
101 54
131 72
77 22
35 31
84 81
144 99
132 95
149 41
54 133
93 78
51 85
89 88
104 72
38 91
96 55
15 115
24 151
8 68
59 141
50 114
64 16
79 146
55 43
65 9
35 107
71 70
121 71
117 116
32 149
141 32
82 58
36 31
104 135
83 22
36 69
49 133
111 147
23 100
35 27
51 24
1 60
73 48
51 1
30 146
54 91
5 36
42 21
37 140
67 94
