250
62 133
86 23
83 76
11 121
87 44
118 33
49 79
28 84
147 12
136 6
27 8
145 11
15 106
88 45
64 95
143 2
29 144
121 127
137 42
115 120
63 124
101 149
24 114
143 46
80 93
80 58
22 129
55 139
14 128
76 100
24 40
56 107
144 45
94 100
14 89
9 138
141 99
38 107
1 14
129 47
32 99
11 18
41 82
141 28
121 34
23 94
30 22
139 15
102 5
58 101
63 127
5 45
55 137
111 88
87 102
9 112
27 120
65 48
20 64
84 124
78 148
41 23
78 39
112 76
147 118
35 56
92 28
110 132
33 6
99 68
136 126
137 134
144 66
24 18
90 10
13 151
110 18
91 108
30 100
91 126
118 22
67 110
127 108
64 58
93 61
4 37
22 39
108 41
59 1
58 93
127 63
123 140
97 112
34 139
117 46
125 97
138 95
106 8
73 147
95 14
33 98
126 31
73 16
141 132
94 81
20 144
133 82
146 117
104 34
9 45
49 56
79 41
135 59
45 110
85 4
91 12
51 115
3 135
75 132
105 78
75 28
101 42
14 68
140 90
130 23
6 131
12 146
41 44
117 97
53 3
150 114
141 33
148 111
121 112
54 29
13 57
69 82
121 52
85 105
79 134
133 64
114 51
19 145
104 14
74 78
65 38
38 75
29 16
142 102
2 84
91 80
134 100
7 2
149 22
140 87
114 102
88 51
115 137
21 122
113 129
102 124
130 128
30 90
34 59
122 38
2 116
25 51
49 17
55 9
132 28
95 95
20 128
122 144
120 24
115 148
125 108
87 123
47 44
114 134
118 26
101 53
132 37
135 119
11 61
54 83
125 126
23 100
14 90
121 118
137 66
45 74
49 88
94 85
2 92
148 91
58 135
134 78
112 32
76 48
59 43
6 122
147 13
89 134
19 31
114 106
70 120
92 117
94 7
114 120
14 85
48 64
114 130
43 35
22 110
73 26
61 105
102 55
1 87
140 125
62 46
114 137
115 45
60 16
115 23
135 34
17 55
75 24
148 121
5 131
112 105
72 33
20 55
29 17
63 18
124 90
113 42
37 125
24 28
112 110
69 134
68 83
128 55
143 40
57 102
144 19
122 39
71 67
4 47
25 146
34 109
