250
118 78
135 7
82 115
41 127
52 91
67 78
111 13
120 88
4 33
27 100
114 104
44 58
18 10
33 57
64 4
97 117
92 93
132 99
140 56
141 72
17 20
110 134
102 76
5 89
57 9
122 118
88 75
2 80
67 15
72 86
11 126
69 135
94 51
70 108
49 139
128 119
14 110
12 64
119 13
32 113
17 59
5 23
6 4
38 76
90 151
140 88
73 8
36 12
69 98
141 79
42 66
83 70
19 47
149 92
147 107
24 44
86 42
115 25
5 28
5 115
66 84
103 18
108 128
33 119
85 138
116 121
26 62
68 18
132 81
85 145
122 124
65 118
149 49
95 98
118 90
14 53
135 11
93 32
110 96
147 117
68 34
10 75
84 137
7 40
47 47
140 107
115 137
23 52
70 89
95 49
68 11
4 66
61 69
17 140
57 123
79 87
105 3
122 1
78 107
110 3
51 103
50 25
3 56
151 118
43 111
63 88
109 29
70 139
14 117
114 34
85 113
14 143
17 79
103 56
38 24
124 146
85 39
77 95
100 90
31 109
138 61
42 106
79 103
2 19
92 102
84 122
43 82
16 42
21 134
28 22
111 80
121 34
93 56
35 49
32 23
79 118
44 66
141 35
117 66
141 21
57 69
135 97
49 1
46 30
144 139
85 53
48 97
8 136
32 21
95 117
82 65
22 38
61 123
91 73
55 35
56 121
85 92
17 28
81 132
116 25
57 133
30 116
69 52
17 137
78 63
83 3
65 78
51 31
137 39
119 148
38 17
26 80
32 149
7 34
96 122
19 51
128 142
44 42
70 3
130 95
131 87
97 113
23 16
117 49
151 133
122 77
133 10
104 51
120 138
104 135
37 110
12 78
19 18
81 113
91 30
36 132
148 72
148 37
22 10
34 21
132 12
20 22
122 147
126 27
51 110
4 19
122 6
14 51
15 71
95 18
20 141
61 67
7 80
49 78
114 137
16 142
119 79
67 4
98 126
8 136
109 36
90 142
31 116
64 65
75 126
84 65
28 134
101 16
122 8
8 114
36 102
93 19
116 68
120 16
131 6
86 53
48 22
93 20
123 120
119 4
97 127
55 33
130 137
91 21
5 96
122 136
96 75
52 58
100 64
69 141
