250
102 87
48 84
25 44
29 120
53 48
2 137
43 38
83 43
88 112
99 1
124 79
9 39
43 61
33 40
83 37
91 46
15 116
100 20
100 8
11 59
147 4
23 15
62 25
2 7
4 6
112 136
103 134
51 49
64 19
37 56
131 68
123 31
95 20
43 105
148 8
103 11
122 20
48 11
54 19
7 77
139 61
70 137
43 82
73 95
10 23
16 104
83 75
79 60
109 124
79 34
35 52
72 26
115 99
14 127
141 44
1 1
84 6
79 89
78 122
21 123
34 24
63 73
103 31
36 142
19 128
4 89
8 145
68 44
16 26
35 130
151 27
64 110
73 97
15 19
44 53
1 2
112 10
85 64
1 43
130 126
63 39
30 23
82 146
106 97
133 130
128 84
138 40
43 82
86 35
125 1
98 59
82 15
27 16
69 2
116 21
107 8
41 143
135 68
111 90
67 135
89 63
39 46
70 49
55 40
127 7
124 110
27 90
122 125
125 118
130 94
36 134
27 46
113 87
55 94
6 88
20 17
44 47
142 140
70 39
16 85
111 86
119 70
121 143
103 63
146 117
7 68
146 26
130 76
73 110
96 21
80 4
110 83
5 3
127 5
113 111
145 18
13 111
53 105
119 26
96 123
35 140
73 124
103 47
25 107
146 25
84 26
4 110
38 16
139 58
59 102
90 94
38 113
140 16
79 37
10 144
131 47
5 77
134 44
67 87
55 68
92 144
115 131
87 13
82 105
96 84
29 134
124 37
59 28
117 19
143 71
3 61
48 78
38 107
113 74
143 137
106 51
80 60
142 101
56 56
15 52
71 131
82 44
115 57
147 121
150 150
49 112
46 8
133 92
58 26
80 149
68 140
8 40
56 123
86 31
5 57
2 104
118 14
65 47
75 144
23 35
100 47
60 61
53 29
7 144
87 139
115 30
100 112
144 20
135 16
41 103
5 129
47 68
11 109
48 67
54 91
64 113
135 140
43 25
117 143
105 124
129 98
5 23
8 115
14 94
81 62
53 39
124 92
86 91
102 7
88 127
15 31
26 144
140 151
49 74
107 18
4 65
92 107
63 96
146 125
149 27
145 44
38 54
81 47
51 56
97 137
39 123
102 60
94 42
132 59
141 52
